 	111
"	000100111
(	01111101
)	01110011
,	000011
.	1011001
0	0001000
1	01111100
3	0001001010
4	0001001011
5	011111100
6	0111111100
7	01110001
8	01111111111
9	0111111110
A	11010100
B	0111000010
C	0111000011
E	0001001000
I	011100000
N	0001001001
O	0111111010
P	0111111011
T	011100101
U	0111111101
[	11010110
]	11010111
a	1100
b	000101
c	10011
d	00011
e	001
f	110100
g	011101
h	10111
i	0110
k	000100110
l	10010
m	00000
n	11011
o	0100
p	011110
r	1000
s	1010
t	0101
u	101101
v	1011000
w	000010
x	011100100
y	11010101
z	01111111110
---
011100101 10111 001 111 011110 0100 10010 1100 1000 111 000101 001 1100 1000 111 01111101 0111111101 1000 1010 101101 1010 111 00000 1100 1000 0110 0101 0110 00000 101101 1010 01110011 111 0110 1010 111 1100 111 10111 11010101 011110 001 1000 10011 1100 1000 11011 0110 1011000 0100 1000 0100 101101 1010 111 1010 011110 001 10011 0110 001 1010 111 0100 110100 111 000101 001 1100 1000 1011001 111 011100000 0101 1010 111 11011 1100 0101 0110 1011000 001 111 1000 1100 11011 011101 001 111 10010 0110 001 1010 111 10010 1100 1000 011101 001 10010 11010101 111 000010 0110 0101 10111 0110 11011 111 0101 10111 001 111 11010100 1000 10011 0101 0110 10011 111 0111000011 0110 1000 10011 10010 001 000011 111 001 11011 10011 0100 00000 011110 1100 1010 1010 0110 11011 011101 111 0101 10111 001 111 11010100 1000 10011 0101 0110 10011 111 0111111010 10011 001 1100 11011 111 1100 11011 00011 111 0110 0101 1010 111 1010 101101 1000 1000 0100 101101 11011 00011 0110 11011 011101 111 1010 001 1100 1010 111 1100 11011 00011 111 10010 1100 11011 00011 00000 1100 1010 1010 001 1010 000011 111 000010 10111 0110 10011 10111 111 0110 11011 10011 10010 101101 00011 001 1010 111 0101 10111 001 111 11011 0100 1000 0101 10111 001 1000 11011 00000 0100 1010 0101 111 1000 001 011101 0110 0100 11011 1010 111 0100 110100 111 0001001001 0100 1000 0101 10111 111 11010100 00000 001 1000 0110 10011 1100 111 1100 11011 00011 111 0001001000 101101 1000 1100 1010 0110 1100 1011001 111 011100000 0101 111 0110 1010 111 0101 10111 001 111 10010 1100 1000 011101 001 1010 0101 111 001 011100100 0101 1100 11011 0101 111 000101 001 1100 1000 111 1010 011110 001 10011 0110 001 1010 000011 111 1100 1010 111 000010 001 10010 10010 111 1100 1010 111 0101 10111 001 111 10010 1100 1000 011101 001 1010 0101 111 001 011100100 0101 1100 11011 0101 111 10010 1100 11011 00011 111 10011 1100 1000 11011 0110 1011000 0100 1000 001 1011001 11010110 0111111100 11010111 11010110 01110001 11010111 111 11010100 111 000101 0100 1100 1000 111 01111101 1100 00011 101101 10010 0101 111 00000 1100 10010 001 01110011 111 000010 001 0110 011101 10111 1010 111 1100 1000 0100 101101 11011 00011 111 0001001010 011111100 0001000 01110001 0001000 0001000 111 000100110 011101 111 01111101 01110001 01110001 0001000 01111100 000011 011111100 0001001011 0001000 111 10010 000101 01110011 000011 11010110 01111111111 11010111 111 000010 10111 0110 10010 001 111 1100 111 1010 0100 000010 111 01111101 1100 00011 101101 10010 0101 111 110100 001 00000 1100 10010 001 01110011 111 0110 1010 111 1100 000101 0100 101101 0101 111 10111 1100 10010 110100 111 0101 10111 1100 0101 111 1010 0110 01111111110 001 1011001 111 11010100 10010 0101 10111 0100 101101 011101 10111 111 0110 0101 111 0110 1010 111 0101 10111 001 111 1010 0110 1010 0101 001 1000 111 1010 011110 001 10011 0110 001 1010 111 0100 110100 111 0101 10111 001 111 000101 1000 0100 000010 11011 111 000101 001 1100 1000 000011 11010110 0111111110 11010111 111 0110 0101 111 10111 1100 1010 111 001 1011000 0100 10010 1011000 001 00011 111 0101 0100 111 0100 10011 10011 101101 011110 11010101 111 1100 111 11011 1100 1000 1000 0100 000010 001 1000 111 001 10011 0100 10010 0100 011101 0110 10011 1100 10010 111 11011 0110 10011 10111 001 000011 111 000010 0110 0101 10111 111 00000 1100 11011 11010101 111 000101 0100 00011 11010101 111 10011 10111 1100 1000 1100 10011 0101 001 1000 0110 1010 0101 0110 10011 1010 111 1100 00011 1100 011110 0101 001 00011 111 110100 0100 1000 111 10011 0100 10010 00011 111 0101 001 00000 011110 001 1000 1100 0101 101101 1000 001 1010 000011 111 110100 0100 1000 111 00000 0100 1011000 0110 11011 011101 111 1100 10011 1000 0100 1010 1010 111 1010 11011 0100 000010 000011 111 0110 10011 001 111 1100 11011 00011 111 0100 011110 001 11011 111 000010 1100 0101 001 1000 000011 111 1100 11011 00011 111 110100 0100 1000 111 10111 101101 11011 0101 0110 11011 011101 111 1010 001 1100 10010 1010 000011 111 000010 10111 0110 10011 10111 111 00000 1100 000100110 001 111 101101 011110 111 00000 0100 1010 0101 111 0100 110100 111 0110 0101 1010 111 00011 0110 001 0101 1011001 11010110 01111100 0001000 11010111 111 11010100 10010 0101 10111 0100 101101 011101 10111 111 00000 0100 1010 0101 111 011110 0100 10010 1100 1000 111 000101 001 1100 1000 1010 111 1100 1000 001 111 000101 0100 1000 11011 111 0100 11011 111 10010 1100 11011 00011 000011 111 0101 10111 001 11010101 111 1010 011110 001 11011 00011 111 00000 0100 1010 0101 111 0100 110100 111 0101 10111 001 0110 1000 111 0101 0110 00000 001 111 0100 11011 111 0101 10111 001 111 1010 001 1100 111 0110 10011 001 1011001 111 011100101 10111 001 0110 1000 111 1010 10011 0110 001 11011 0101 0110 110100 0110 10011 111 11011 1100 00000 001 111 00000 001 1100 11011 1010 111 000100111 00000 1100 1000 0110 0101 0110 00000 001 111 000101 001 1100 1000 000100111 111 1100 11011 00011 111 00011 001 1000 0110 1011000 001 1010 111 110100 1000 0100 00000 111 0101 10111 0110 1010 111 110100 1100 10011 0101 1011001 111 0111111011 0100 10010 1100 1000 111 000101 001 1100 1000 1010 111 10111 101101 11011 0101 111 0101 10111 001 0110 1000 111 011110 1000 001 110100 001 1000 1000 001 00011 111 110100 0100 0100 00011 111 0100 110100 111 1010 001 1100 10010 1010 111 110100 1000 0100 00000 111 0101 10111 001 111 001 00011 011101 001 111 0100 110100 111 1010 001 1100 111 0110 10011 001 000011 111 0100 110100 0101 001 11011 111 10010 0110 1011000 0110 11011 011101 111 0100 110100 110100 111 110100 1100 0101 111 1000 001 1010 001 1000 1011000 001 1010 111 000010 10111 001 11011 111 11011 0100 111 1010 001 1100 111 0110 10011 001 111 0110 1010 111 011110 1000 001 1010 001 11011 0101 1011001 111 0111000010 001 10011 1100 101101 1010 001 111 0100 110100 111 0101 10111 001 0110 1000 111 00011 001 011110 001 11011 00011 001 11011 10011 001 111 0100 11011 111 0101 10111 001 111 1010 001 1100 111 0110 10011 001 000011 111 011110 0100 10010 1100 1000 111 000101 001 1100 1000 1010 111 1100 1000 001 111 10011 10010 1100 1010 1010 0110 110100 0110 001 00011 111 1100 1010 111 00000 1100 1000 0110 11011 001 111 00000 1100 00000 00000 1100 10010 1010 1011001 11010110 01111100 01111100 11010111 